1
40
0.3215348546593775 0.03629583077160248
0.02402358131857918 -0.2356728797179394
0.04590851212470659 -0.4156409924995536
0.3218384001607433 0.1379850698988746
0.11506479756447 -0.1059521474930943
0.2622539999543261 -0.29702873322836
-0.161920957418085 -0.4055339716426413
0.1905378631228002 0.3698601009043493
0.2387090918968516 -0.01629827079949742
0.07495888748668034 -0.1659825110491202
0.3319341836794598 -0.1821814101954749
0.07703635755650362 -0.2499430638271785
0.2069242999022122 -0.2232970760420869
0.04604079532068295 -0.1923573186549892
0.05054295812784038 0.4754929463150845
-0.3900589168910486 0.2797829520700341
0.3120693385713448 -0.0506329867529059
0.01138812723698857 0.4002504701728471
0.009645149586391732 0.1060251100976254
-0.03597933197019559 0.2953639456959105
0.1818290866742182 0.001454397571696298
0.444056063372694 0.2502497166863175
-0.05301752458607545 -0.06553921621808712
0.4823896228171788 -0.4776170002088109
-0.3089226845734964 -0.06356112199235814
-0.271780741188471 0.1810810595574612
0.4293626522918815 0.2980897964891882
-0.004796652127799228 0.382663812844701
0.430695573269106 -0.2995073500084759
0.1799668387323309 -0.2973467472915973
0.4932166845474547 0.4928094162538735
-0.3521487911717489 0.4352656197131292
-0.4907368011686362 0.1865826865533206
-0.1047924716070224 -0.247073392148198
0.4374961861758457 -0.001606279519951237
0.003256207800708899 -0.2729194320486108
0.04310378203457577 0.4452604050238248
0.4916198379282093 -0.345391701297268
0.001675087028811806 0.1531837672490476
-0.4404289572876217 -0.2894855991839297
11
7 4
6 5
3 3
0 5
-2 3
-2 2
-5 1
0 0
-3 -2
3 -2
2 1
5
0.0 0.0
1.0 0.0
-1.0 3.0
0.5 0.5
2.0 3.0
57
-2.06990 33.1419
-652.782 -32.7306
-99.5826 368.102
-681.204 -195.968
501.306 -1060.52
188.407 664.309
162.558 189.839
46.0342 -1322.17
2.06628 -329.396
-175.211 -120.239
32.8010 28.0221
-97.9094 -46.8562
-735.028 -876.999
-95.3201 -1332.47
-10.3429 -668.916
85.4978 -59.6836
-321.164 -289.105
-47.6442 -175.748
-17.6695 343.754
599.268 -1719.31
-984.741 -815.440
-154.114 -225.868
-800.323 -418.586
-906.238 160.767
-257.497 -577.921
-219.171 -729.470
89.8398 -117.206
-616.071 -570.802
-519.394 -2322.04
-269.658 -181.698
-567.949 -427.349
115.172 -370.724
267.077 -668.629
-464.425 -218.200
-984.451 -408.854
1.84420 530.073
-24.9747 -814.513
-83.9815 -423.290
-46.1370 447.656
-642.575 -1904.29
290.789 -1068.03
-21.3996 131.598
585.683 -2426.60
-438.513 339.157
-265.639 -441.173
84.2537 -1791.43
-107.111 -2544.79
772.383 -2323.59
728.356 -2024.41
-163.674 -418.096
-372.668 -638.733
-1088.30 181.380
20.3818 -87.0339
-220.034 -798.150
-464.384 -803.393
-136.879 355.881
-335.392 -903.372
16
7 7
7 -7
-7 -7
-7 7
9 0
-9 0
0 9
0 -9
0 0
1 2
-2 1
-1 -1
3 4
4 3
-5 4
6 5
6
0 0
5 5
3 4
6 2
3 4.5
10 0
59
0.496200  0.208600
0.557100  0.319900
0.606100  0.415800
0.644900  0.500900
0.627100  0.534400
0.593200  0.512700
0.568900  0.469200
0.539800  0.424000
0.500500  0.433900
0.486000  0.501800
0.481700  0.569700
0.493500  0.663800
0.495700  0.733500
0.496800  0.783300
0.489800  0.840300
0.477900  0.855700
0.461800  0.850200
0.457500  0.822200
0.456900  0.770600
0.456400  0.736200
0.448300  0.678300
0.437500  0.612200
0.418100  0.595000
0.405200  0.642100
0.396100  0.714500
0.381500  0.773300
0.369100  0.862000
0.351400  0.885500
0.329800  0.866500
0.334700  0.817600
0.348700  0.744300
0.354600  0.688200
0.372400  0.586000
0.360500  0.586000
0.339000  0.641200
0.314200  0.701800
0.279800  0.811300
0.272200  0.815800
0.256100  0.808600
0.249600  0.786900
0.256100  0.754300
0.287300  0.656600
0.297000  0.622200
0.322800  0.537100
0.312600  0.530800
0.288400  0.557900
0.251800  0.626700
0.231300  0.657500
0.215100  0.656600
0.213000  0.621300
0.235100  0.572400
0.250700  0.535300
0.289400  0.461100
0.299100  0.420400
0.306100  0.363300
0.313100  0.319000
0.323900  0.264700
0.336300  0.235700
0.356200  0.217600
20
2.0       0.0
1.73      -1.0
1.0       1.73
0.0       2.0
0.1       0.1
-1.0      -1.73
0.2       -0.2
-1.73     1.0
-0.3      0.3
0.0       -2.0
-0.4      -0.4
-2.0      0.0
0.5       0.5
1.73      1.0
0.6       -0.6
-1.0      1.73
-0.7      0.7
-1.73     -1.0
-0.8      -0.8
1.0       -1.73
5
0 0
2 2
2 0
1 2
0.5 1.5
11
 7  4
 6  5
 3  3
 0  5
-2  3
-2  2
-5  1
 0  0
-3 -2
 3 -2
 2  1
200
0.439235     -0.355133
-0.294719     -0.416445E-01
0.285258      0.591654E-01
0.180832      0.228192
-0.117309     -0.314244
-0.442417      0.377094
0.211658     -0.605613
0.397663     -0.193056
-0.397887      0.602058
0.381446     -0.147997
0.384419     -0.612941
0.390118     -0.171467
0.445552     -0.484069
-0.399005      0.600983
-0.241817      0.618015
-0.294789     -0.415137E-01
-0.440513      0.363387
-0.211227     -0.182960
0.228336     -0.612865
-0.255730E-01  0.472055
-0.416650      0.579140
-0.410789      0.587572
0.106484     -0.540835
-0.312472      0.632411
0.359229     -0.625602
0.963835E-01 -0.533087
0.266909     -0.625740
-0.330710      0.631760
0.233258     -0.614821
-0.443950      0.497878
-0.293888     -0.432020E-01
-0.398604      0.195836
-0.418485      0.576189
0.407435     -0.591817
0.375726     -0.133176
0.169555      0.244270
0.156501      0.262434
-0.102256      0.537622
0.332302     -0.631593
-0.109266      0.542926
0.130393     -0.558175
0.403408     -0.596442
0.444619     -0.492720
0.355106     -0.832620E-01
-0.298069      0.631468
-0.234989E-01 -0.423097
0.539863E-01  0.389957
0.434396     -0.328096
-0.439350      0.355852
-0.443902      0.498227
0.371568     -0.620440
0.113720     -0.546233
-0.411599      0.586488
-0.428478      0.556566
0.426363     -0.561323
0.445828     -0.481009
-0.295720      0.631204
0.252701     -0.621675
0.426359     -0.561332
0.442565     -0.378252
0.369632     -0.117893
0.410211     -0.232091
0.791560E-01 -0.519309
-0.195165     -0.207216
-0.294014     -0.429670E-01
-0.182942     -0.225142
0.195985     -0.597968
0.113976      0.318470
0.409209     -0.589620
0.257757     -0.623218
0.439037     -0.524164
0.769624E-01  0.363579
-0.444031      0.390771
-0.144809      0.567929
-0.101911     -0.333536
0.397301     -0.191991
-0.445637      0.483152
-0.430483      0.309305
0.211212     -0.605407
-0.442858      0.505120
-0.244142     -0.130550
0.228529E-01 -0.469482
0.445141     -0.488150
-0.217054     -0.173955
0.402166     -0.597774
0.246856      0.126054
-0.445203      0.487558
-0.438307      0.527115
0.260667     -0.624057
-0.324299      0.632244
-0.298749     -0.340400E-01
0.404525     -0.595206
-0.389275      0.609422
-0.443699      0.499658
0.149644      0.271790
0.127933     -0.556458
-0.409448      0.229581
0.427154     -0.559590
0.682875E-02  0.440333
-0.267173      0.625807
0.279369      0.698488E-01
-0.227176      0.612391
-0.444970      0.400227
0.350675     -0.731386E-01
0.238412      0.139953
0.385229     -0.158077
-0.439658      0.521518
0.127032     -0.555824
0.432744     -0.319905
0.420336     -0.573036
-0.379410      0.616155
-0.106044      0.540503
-0.439449      0.356473
-0.220005      0.609360
-0.446630      0.423787
-0.376399      0.617902
-0.165592     -0.249835
-0.416090      0.580008
0.258380      0.106641
0.286576      0.567512E-01
0.388949     -0.168227
-0.148661     -0.273121
-0.294316      0.631033
0.359352     -0.625559
0.339687     -0.488050E-01
-0.386223      0.160763
-0.439999      0.520005
-0.391724E-01 -0.406322
-0.165513      0.580971
-0.149814     -0.271560
0.246924     -0.619789
0.358123     -0.625981
-0.397739      0.602199
-0.856610E-02  0.455698
-0.445070      0.401340
0.229553     -0.613357
-0.205689     -0.191415
-0.144359     -0.278914
0.446848     -0.464934
-0.153732     -0.266228
0.364773     -0.106044
-0.447027      0.434093
-0.423296      0.567590
-0.159419     -0.258416
-0.386024      0.611823
0.430886     -0.311146
-0.416993      0.255385
-0.351227      0.628066
0.379505     -0.142912
0.264068      0.968581E-01
0.458289E-01 -0.490688
-0.365732      0.623104
0.309691      0.129413E-01
-0.389703      0.170314
0.446404     -0.419515
-0.407270      0.592016
-0.879029E-01  0.526392
-0.411568      0.236606
-0.423366      0.567454
-0.452272E-01  0.490148
0.907170E-01 -0.528633
-0.243657      0.618665
0.413466     -0.243039
-0.400226      0.599773
0.432421     -0.318349
-0.109041      0.542757
-0.427773      0.558197
0.446131     -0.415033
-0.438290      0.527183
-0.368531      0.115183
0.444145     -0.496441
0.380234     -0.144816
0.446545     -0.422099
0.443047     -0.382145
-0.333430      0.353953E-01
0.387895     -0.165326
0.131512      0.295928
-0.312701E-01 -0.414849
0.327497     -0.632039
-0.302844     -0.262229E-01
-0.113695      0.546215
-0.527011E-01 -0.391396
-0.885851E-02  0.455984
0.393548     -0.605962
0.357251     -0.882301E-01
0.359394     -0.625544
0.103443     -0.538529
0.446804     -0.427668
0.446925     -0.430854
-0.383971      0.613244
-0.333439      0.631463
0.373927     -0.128613
0.140931     -0.565358
0.429439     -0.304611
-0.150469     -0.270672
0.446452     -0.472543
0.914685E-01 -0.529228
-0.143689      0.567190
-0.190197      0.594950
-0.132329     -0.294858